[app/ui]
version = 8.0.0
modtime = 1595562039.599024000

[app/launcher]
version = 8.0.0
modtime = 1595562039.600853000
